99 477 38 1
33 10 36
33 11 36
56 10 70
30 10 36
30 11 36
30 13 74
61 10 76
40 10 61
46 10 36
46 11 36
46 13 74
51 21 30
50 10 70
50 11 51
14 10 70
14 11 51
39 10 23
39 11 23
74 10 23
74 11 23
53 10 56
53 11 36
53 21 85
73 10 23
73 11 23
73 13 74
35 13 92
49 10 50
7 10 70
7 11 51
7 13 39
69 21 53
92 10 69
92 11 23
92 26 2
23 21 53
23 22 84
23 23 12
32 10 23
32 11 23
90 10 23
90 11 23
90 26 2
90 27 63
32 13 90
34 10 23
34 11 23
34 13 90
37 10 77
37 11 23
37 13 92
42 10 59
42 11 20
17 10 27
27 10 69
27 11 23
27 13 34
4 10 7
4 11 7
4 13 74
4 21 65
10 10 36
10 11 36
10 13 74
10 14 15
10 15 15
10 21 65
44 10 78
44 11 36
44 13 92
83 21 49
0 10 83
82 21 49
82 22 35
31 10 78
31 11 36
31 13 92
31 14 79
31 15 15
31 21 49
31 22 18
31 23 44
82 23 31
0 11 82
0 26 2
0 27 63
44 14 79
44 15 15
10 22 44
10 23 44
11 10 27
11 11 27
11 13 74
11 14 15
11 15 15
60 21 11
60 22 18
60 23 8
27 14 79
27 15 15
27 21 53
27 22 84
27 23 12
17 11 27
17 13 74
19 21 17
42 26 19
42 27 29
84 13 92
84 21 49
84 29 0
37 14 79
37 15 15
37 21 42
85 10 14
85 11 7
52 10 71
52 11 20
37 22 87
37 23 12
16 10 56
16 11 36
16 21 85
16 22 43
16 23 44
88 21 16
21 10 88
21 11 68
21 21 16
72 10 21
13 10 88
13 11 68
13 21 16
13 22 35
13 23 31
72 11 13
94 21 72
37 26 94
37 27 63
37 29 0
34 14 37
34 15 15
54 10 61
54 11 20
59 21 4
62 10 59
62 11 25
62 21 11
62 26 19
62 27 60
54 26 62
54 27 29
34 21 54
48 10 78
48 11 36
48 13 92
48 21 49
48 22 18
48 23 44
81 10 68
81 11 68
91 10 68
91 11 68
63 21 67
63 22 18
63 23 8
91 26 63
91 27 63
81 13 91
47 10 20
47 11 20
29 10 59
29 11 25
29 21 11
18 13 92
29 22 18
29 23 8
29 26 19
29 27 60
47 26 29
47 27 29
81 21 47
81 26 63
81 27 63
89 10 82
89 11 82
89 26 63
89 27 63
81 29 89
58 13 81
64 10 13
64 11 13
64 13 91
58 21 64
6 10 82
6 11 82
68 21 16
68 22 35
68 23 31
6 13 91
66 10 13
66 11 13
6 21 66
6 26 63
6 27 63
6 29 89
58 29 6
48 26 58
22 10 59
22 11 25
22 13 39
22 14 79
22 15 15
22 21 11
22 22 18
22 23 8
22 26 19
22 27 60
26 10 82
26 11 82
26 13 91
26 14 15
26 15 15
26 21 66
8 10 75
8 11 27
8 13 92
79 13 92
79 21 42
79 29 0
8 14 79
8 15 15
26 22 8
26 23 8
26 26 63
26 27 63
26 29 89
86 21 52
24 10 86
24 11 82
45 10 14
45 11 7
45 21 85
80 21 45
67 10 28
67 11 27
2 21 67
24 13 95
24 14 98
24 15 15
3 10 80
3 11 13
24 21 3
24 22 97
24 23 8
24 26 94
24 27 63
24 29 0
24 30 5
24 31 1
26 30 24
26 31 1
22 29 26
5 13 95
5 21 3
5 29 0
22 30 5
22 31 1
48 27 22
48 29 0
34 22 48
34 23 12
34 26 2
34 27 63
32 21 54
32 26 2
32 27 63
75 13 32
75 21 40
92 27 63
7 14 79
7 15 15
7 21 30
7 22 84
7 23 12
7 26 19
7 27 60
49 11 7
35 21 49
73 21 47
73 26 63
73 27 63
73 29 89
41 10 20
41 11 20
41 13 91
55 10 20
55 11 20
41 21 55
41 26 29
41 27 29
41 29 89
43 10 78
43 11 36
43 13 92
53 22 43
53 23 44
57 10 59
57 11 25
57 13 39
57 21 11
57 26 19
57 27 60
57 29 26
53 26 57
53 27 22
74 26 63
74 27 63
78 13 73
78 21 41
78 29 6
12 10 78
12 11 36
12 13 92
12 14 79
12 15 15
12 21 49
12 22 18
12 23 44
12 26 58
12 27 22
12 29 0
12 30 5
12 31 1
39 13 74
39 14 15
39 15 15
39 21 47
39 22 12
39 23 12
39 26 63
39 27 63
39 29 89
39 30 24
39 31 1
14 13 39
14 21 30
14 26 19
14 27 60
28 10 69
28 11 23
28 13 34
28 21 53
9 10 23
9 11 23
9 13 74
9 14 15
9 15 15
9 21 47
9 22 12
9 23 12
9 26 63
9 27 63
9 29 89
50 13 9
50 21 33
51 22 84
51 23 12
65 10 7
65 11 7
46 21 65
46 22 44
46 23 44
76 21 46
20 10 76
20 11 25
20 21 10
20 22 35
20 23 31
20 26 19
20 27 60
40 11 20
93 10 61
93 11 20
40 21 93
40 26 62
40 27 29
77 21 40
96 10 88
96 11 68
96 26 2
96 27 63
87 13 96
87 21 52
87 29 0
25 21 10
25 22 35
25 23 31
61 11 25
61 21 10
61 26 19
61 27 60
15 10 77
15 11 23
15 13 92
15 14 79
15 15 15
15 21 42
15 22 87
15 23 12
15 26 94
15 27 63
15 29 0
15 30 5
15 31 1
30 14 15
30 15 15
30 21 65
30 22 44
30 23 44
30 26 22
30 27 22
30 29 89
30 30 24
30 31 1
56 11 51
56 13 39
56 21 30
56 26 19
56 27 60
56 29 26
33 13 74
33 21 65
33 22 44
33 23 44
33 26 22
33 27 22
33 29 89
70 21 33
36 10 70
36 11 51
36 13 39
36 14 79
36 15 15
36 21 30
36 22 84
36 23 12
36 26 19
36 27 60
36 29 26
36 30 5
36 31 1
71 10 76
71 11 25
71 21 46
1 10 86
1 11 82
1 13 95
98 13 96
98 21 42
98 29 0
1 14 98
1 15 15
1 21 3
97 13 96
1 22 97
1 23 8
1 26 94
1 27 63
1 29 0
95 10 80
95 11 68
95 26 2
95 27 63
1 30 5
1 31 1
38 31 1
1
