32 120 18 1
24 10 16
16 5 19
22 5 19
22 10 15
21 5 19
21 6 30
7 5 27
27 10 22
27 11 16
30 5 27
14 5 27
17 5 27
17 6 30
17 7 7
3 5 19
3 6 30
3 7 7
3 10 15
3 11 21
4 10 3
4 11 3
10 5 4
10 10 3
10 11 3
6 5 14
6 6 30
6 7 7
11 10 6
11 11 6
10 13 11
23 5 10
25 5 4
25 10 6
25 11 6
25 13 11
23 13 25
17 10 23
17 11 16
17 13 9
14 6 17
14 7 7
14 10 22
14 11 16
28 5 14
9 10 28
9 11 6
30 13 9
7 6 30
7 7 7
7 10 23
7 11 16
7 13 9
0 5 2
0 13 9
7 14 0
7 15 1
21 7 7
22 11 21
20 5 4
20 6 7
20 7 7
20 10 6
20 11 6
20 13 11
13 5 2
5 5 19
5 10 15
5 11 21
29 10 5
29 11 3
31 5 29
31 13 9
13 6 31
13 7 7
8 5 29
8 10 5
8 11 3
26 5 8
13 10 26
13 11 6
13 13 9
13 14 0
13 15 1
20 14 13
20 15 1
22 13 20
16 6 30
16 7 7
16 10 15
16 11 21
16 13 20
16 14 0
16 15 1
24 11 16
19 5 24
19 6 7
19 7 7
19 10 16
19 11 16
19 13 11
19 14 13
19 15 1
12 5 24
12 6 7
12 7 7
12 10 16
12 11 16
12 13 11
15 5 12
2 10 15
2 11 3
1 5 2
1 6 31
1 7 7
1 10 26
1 11 6
1 13 9
1 14 0
1 15 1
18 15 1
1
