339 2010 90 1
83 21 222
86 21 222
114 21 91
114 26 297
294 21 2
294 22 233
112 21 91
112 26 297
112 27 271
112 42 110
112 43 235
120 21 164
120 22 86
120 23 83
120 42 124
111 21 125
111 42 110
111 43 235
122 26 269
247 21 125
247 42 110
247 43 235
247 45 106
81 21 21
239 42 97
239 43 97
236 21 11
256 42 120
256 43 120
155 21 256
21 21 224
23 21 256
23 22 54
54 42 131
54 43 120
167 21 121
77 21 10
238 21 21
238 26 297
238 27 271
238 42 110
235 21 21
235 22 48
235 23 14
238 43 235
313 42 238
313 43 81
172 21 313
161 42 116
224 42 79
224 43 79
226 42 93
226 43 80
226 45 296
87 21 10
87 29 243
123 21 164
123 42 124
123 43 236
123 45 105
123 53 172
2 42 123
132 21 223
132 22 225
132 23 226
101 21 10
101 22 206
101 23 83
142 42 114
142 43 55
116 21 121
296 26 70
296 27 294
296 42 237
296 43 177
296 58 199
219 21 216
178 21 175
178 26 297
178 27 271
178 29 92
157 21 224
157 22 226
157 23 226
290 26 294
290 27 294
222 42 247
222 43 79
99 21 91
99 26 297
99 27 271
99 29 92
99 42 110
99 43 235
99 45 104
220 21 23
220 26 297
220 27 271
31 26 270
31 27 269
31 42 107
16 21 10
16 29 243
16 45 35
13 21 10
13 22 206
13 23 83
13 26 317
13 27 294
13 29 243
213 42 279
298 26 304
51 42 268
51 43 219
51 45 35
195 42 286
195 43 36
223 42 112
223 43 79
225 42 93
225 43 80
225 45 296
100 21 175
100 26 297
100 27 271
100 29 92
100 42 117
60 21 138
88 21 175
88 22 233
88 23 54
88 26 297
88 27 271
88 29 92
88 30 65
88 31 15
88 42 117
88 43 108
29 21 122
44 21 144
44 22 47
158 21 224
158 22 226
158 23 226
158 26 88
158 27 88
158 29 242
80 21 91
80 22 86
80 23 83
80 26 297
80 27 271
80 29 92
14 21 222
14 22 233
14 23 226
14 26 94
14 27 88
14 29 243
98 21 23
98 26 297
98 27 271
98 29 92
25 21 23
25 22 205
73 21 2
73 22 233
73 23 54
174 42 120
174 43 120
28 21 222
28 22 221
28 23 226
175 42 120
175 43 120
175 45 290
175 46 77
175 47 77
215 21 175
215 26 297
215 27 271
97 21 163
97 22 46
97 23 44
97 42 285
97 43 129
3 21 313
3 22 161
3 23 162
3 42 98
3 43 25
3 53 311
3 54 173
156 21 245
35 26 70
35 27 294
45 21 210
45 22 47
45 23 162
45 26 94
45 27 88
45 29 243
45 30 65
45 31 15
45 42 119
45 43 25
45 45 35
292 21 174
292 22 233
292 23 54
179 21 138
179 42 36
179 43 36
179 45 329
197 42 36
197 43 36
179 53 197
113 21 91
113 26 297
113 27 271
113 29 92
113 42 110
113 43 235
113 45 104
57 21 138
57 22 162
57 23 162
57 26 88
57 27 88
57 29 242
15 21 213
17 21 91
17 22 86
17 23 83
17 26 297
17 27 271
17 29 92
17 30 65
17 31 15
17 42 110
17 43 235
17 45 104
17 46 192
17 47 101
119 21 156
245 42 97
154 21 142
154 22 161
154 23 162
154 42 114
154 43 55
154 53 311
191 21 210
191 45 35
191 53 195
53 21 210
53 22 47
53 23 162
53 42 119
53 43 25
53 45 35
53 46 147
26 21 75
102 21 163
102 42 285
102 43 129
102 53 3
169 21 130
40 42 169
40 43 177
40 45 82
10 26 297
61 42 219
61 43 219
61 45 329
52 42 119
52 43 25
52 45 35
52 46 147
52 47 26
55 21 91
55 22 86
55 23 83
55 26 297
55 27 271
55 42 110
55 43 235
55 45 104
55 46 192
55 47 101
173 42 119
173 43 25
173 45 35
144 42 111
144 43 55
162 42 116
162 43 17
162 45 82
162 46 16
162 47 13
316 21 246
70 21 2
70 53 289
316 29 243
316 45 298
317 21 246
270 21 175
270 26 297
270 27 271
270 42 117
270 43 108
270 53 61
281 21 150
281 53 182
270 58 281
75 26 208
75 27 292
75 42 279
75 43 97
243 26 70
243 27 294
243 42 202
243 43 96
243 58 199
243 59 198
244 42 234
244 43 34
264 26 319
264 27 71
264 42 185
118 21 121
118 45 258
141 42 118
141 43 55
141 45 82
125 21 224
125 22 226
125 23 226
125 26 88
125 27 88
125 29 242
125 42 80
125 43 80
125 45 290
125 53 197
125 54 52
125 55 52
59 21 134
59 22 47
59 23 40
11 21 223
11 22 225
11 23 226
11 26 178
11 27 88
11 42 113
11 43 80
11 53 311
11 54 173
11 55 52
186 42 34
186 43 34
186 45 85
301 21 186
301 53 182
59 26 301
59 27 72
59 29 92
59 30 65
59 31 15
280 21 149
59 42 280
136 21 189
137 21 227
137 45 183
136 22 176
136 23 176
136 42 56
136 43 56
136 45 85
136 46 13
136 47 13
273 21 136
105 21 31
41 21 222
41 22 233
41 23 226
8 21 245
8 26 294
8 27 294
110 21 157
198 21 310
198 22 47
198 23 40
198 53 289
198 54 193
198 55 51
8 29 242
8 42 96
8 43 96
265 26 71
265 27 71
145 21 144
145 22 141
145 23 162
106 21 122
106 22 83
106 23 83
106 26 294
106 27 294
106 29 242
145 42 111
145 43 55
265 42 128
265 43 128
265 58 198
265 59 198
8 45 265
33 21 188
214 42 137
214 43 56
214 45 82
33 22 214
33 23 176
33 42 140
33 43 56
324 42 160
160 21 33
160 22 204
160 23 74
324 43 160
8 53 324
8 58 198
8 59 198
82 26 70
82 27 294
82 42 237
82 43 177
216 21 2
131 21 227
131 45 183
153 42 56
153 43 56
153 45 85
12 21 251
5 21 133
56 21 164
56 22 86
56 23 83
56 42 124
56 43 236
56 45 105
56 46 192
56 47 101
5 26 284
5 27 72
36 21 23
36 22 205
36 23 73
36 26 297
36 27 271
5 42 117
135 21 211
135 22 162
135 23 162
135 42 17
135 43 17
135 45 85
135 46 13
135 47 13
135 53 197
135 54 52
135 55 52
108 21 135
108 22 46
108 23 44
108 53 60
108 54 191
108 55 53
5 43 108
5 53 61
150 42 177
150 43 177
150 45 85
5 58 281
134 42 177
134 43 177
134 45 85
134 46 13
134 47 13
200 21 134
200 22 47
200 23 40
200 53 61
200 54 193
200 55 51
5 59 200
12 26 5
148 21 138
148 42 81
148 43 81
148 45 85
148 53 197
12 27 4
189 42 56
189 43 56
168 21 136
168 26 284
168 27 72
12 42 168
188 42 140
188 43 56
74 21 188
74 22 47
74 23 176
74 42 137
74 43 56
74 45 82
74 46 16
74 47 13
12 43 159
12 53 37
177 21 28
177 22 48
177 23 14
12 58 249
274 42 34
274 43 34
149 21 274
149 42 34
149 43 34
149 45 85
12 59 201
131 53 12
257 42 131
257 43 120
257 45 296
216 22 257
216 23 54
194 21 174
194 26 208
218 21 175
218 26 297
218 27 271
218 42 117
218 43 108
218 53 182
203 21 252
202 21 210
202 53 195
310 42 237
310 43 177
203 29 331
203 45 330
203 53 255
305 21 259
305 22 47
305 23 176
305 53 289
305 54 193
305 55 51
0 21 259
303 21 244
303 45 82
170 21 138
170 22 162
170 23 162
170 26 88
170 27 88
170 29 242
170 42 25
170 43 25
170 45 329
170 53 197
170 54 52
170 55 52
170 58 59
326 26 292
233 45 296
139 21 313
139 42 238
139 43 81
139 53 311
279 21 139
196 21 313
196 42 220
196 43 36
196 53 311
279 53 196
326 27 292
326 42 97
326 43 97
22 21 326
128 21 145
46 21 144
46 45 82
46 53 195
128 22 46
128 23 44
163 21 142
163 22 161
163 23 162
163 42 99
163 43 17
163 53 311
163 54 173
163 55 52
76 26 294
76 27 294
76 42 96
76 43 96
76 58 199
76 59 198
276 21 254
276 45 82
276 53 195
267 26 304
267 27 71
267 42 128
267 43 128
267 58 199
267 59 198
211 42 55
211 43 55
143 21 211
143 22 162
143 23 162
143 42 55
143 43 55
85 26 294
85 27 294
85 42 177
85 43 177
143 45 85
143 53 197
272 21 135
272 22 46
272 23 44
284 21 153
284 53 182
67 21 174
67 22 233
67 23 54
67 26 208
67 27 293
42 21 245
42 22 54
42 23 54
42 26 294
42 27 294
42 29 76
89 21 213
332 45 298
89 22 332
89 23 54
89 26 317
89 27 294
89 29 243
234 21 11
234 42 124
234 43 236
39 21 244
39 42 234
39 43 34
89 30 65
89 31 15
89 42 306
89 43 96
89 45 264
336 21 321
336 29 331
140 21 164
140 42 124
140 43 236
140 45 105
336 45 330
182 42 219
182 43 219
182 45 329
232 26 301
232 27 4
232 42 280
232 43 159
232 58 281
232 59 201
336 53 232
336 61 6
89 46 336
89 47 77
89 53 300
89 54 337
89 55 51
89 58 325
89 59 198
89 61 6
42 30 89
42 31 15
42 42 96
42 43 96
42 45 267
78 21 10
206 21 230
206 29 243
206 45 298
206 53 255
206 61 6
78 22 206
78 23 83
78 26 317
78 27 294
78 29 243
78 42 169
78 43 177
78 45 35
78 46 192
78 47 101
78 53 232
78 54 203
78 55 45
78 58 325
78 59 198
78 61 6
42 46 78
42 47 77
42 53 38
246 42 102
246 43 97
24 21 246
68 21 174
68 26 208
68 27 293
311 42 220
311 43 36
68 42 279
68 43 103
68 53 289
24 26 68
24 27 292
24 42 102
24 43 97
190 42 268
190 43 219
190 45 35
42 54 190
42 55 51
42 58 199
42 59 198
67 29 42
67 30 65
67 31 15
67 42 279
67 43 103
63 21 31
63 22 41
63 23 83
63 26 70
63 27 294
63 42 177
63 43 177
63 45 35
27 21 10
27 22 206
27 23 83
27 26 317
27 27 294
27 29 243
63 46 27
63 47 101
231 26 5
231 27 4
231 42 168
231 43 159
231 58 249
231 59 201
63 53 231
20 21 210
20 22 47
20 23 162
20 26 94
20 27 88
20 29 243
20 42 119
20 43 25
20 45 35
20 53 195
20 54 193
20 55 52
193 45 35
96 21 210
254 42 248
254 43 81
96 22 276
96 23 44
96 53 195
96 54 191
96 55 53
278 21 259
278 22 303
278 23 74
165 42 56
165 43 56
165 45 295
165 46 19
165 47 13
19 21 10
19 22 206
19 23 83
19 26 317
19 27 294
19 29 243
19 42 169
19 43 177
19 45 35
19 46 192
19 47 101
103 21 163
103 22 46
103 23 44
103 53 3
103 54 191
103 55 53
266 42 128
266 43 128
71 21 188
71 22 47
71 23 176
71 53 289
71 54 193
71 55 51
30 26 71
30 27 71
20 58 166
20 59 59
20 61 6
63 54 20
63 55 45
199 21 310
199 53 289
63 58 199
63 59 198
67 45 63
67 46 87
67 47 77
67 53 289
67 54 193
67 55 51
65 21 213
65 29 243
65 45 264
65 53 300
65 61 6
22 22 73
22 23 73
22 26 294
22 27 294
22 29 242
22 30 15
22 31 15
58 21 266
58 22 40
58 23 40
58 26 305
58 27 305
47 45 82
327 26 71
327 27 71
327 42 96
327 43 96
327 58 198
327 59 198
58 29 327
58 30 15
58 31 15
58 42 278
58 43 278
58 45 30
58 46 26
58 47 26
58 53 324
58 54 51
58 55 51
58 58 198
58 59 198
58 61 9
49 21 262
263 26 304
263 27 71
263 42 184
263 43 128
49 22 320
49 23 40
126 21 163
126 22 46
126 23 44
126 42 285
126 43 129
318 21 253
318 53 38
49 26 318
49 27 305
319 21 244
319 53 289
333 26 319
333 27 71
210 42 110
210 43 81
333 42 202
333 43 96
333 58 199
333 59 198
49 29 333
338 21 213
338 29 331
338 45 264
308 21 39
300 42 308
300 43 160
338 53 300
338 61 6
49 30 338
49 31 15
314 21 253
49 42 314
49 43 278
334 26 319
334 27 71
49 45 334
295 26 70
295 27 294
295 42 177
295 43 177
335 21 307
335 29 331
49 46 335
49 47 26
49 53 300
49 54 337
49 55 51
184 21 145
299 42 184
299 43 128
325 21 299
325 53 38
49 58 325
49 59 198
124 21 132
259 42 124
259 43 34
315 21 259
289 42 309
289 43 219
315 53 289
6 26 315
6 27 305
6 42 0
6 43 278
6 58 199
6 59 198
49 61 6
262 42 185
262 43 128
49 62 66
49 63 1
58 62 49
58 63 1
170 59 59
170 61 9
203 61 6
293 21 174
293 22 233
293 23 54
293 53 289
293 54 193
293 55 51
194 27 293
194 29 42
194 42 279
194 43 103
194 45 63
194 53 289
216 26 194
216 27 67
216 42 123
216 43 120
309 21 216
9 26 305
9 27 305
9 42 278
9 43 278
9 58 198
9 59 198
8 61 9
322 26 4
322 27 4
322 42 95
322 43 95
322 58 201
322 59 201
229 26 4
229 27 4
204 21 188
204 45 82
229 42 159
229 43 159
229 58 201
229 59 201
41 26 94
41 27 88
41 29 243
41 42 93
41 43 80
41 45 296
41 53 195
41 54 193
41 55 52
41 58 166
41 59 59
41 61 6
105 22 41
105 23 83
105 26 70
105 27 294
273 22 204
273 23 74
59 43 273
59 45 22
147 21 75
147 29 243
59 46 147
59 47 26
59 53 61
59 54 193
59 55 51
59 58 281
59 59 200
59 61 58
66 21 262
66 29 333
66 45 334
66 53 300
66 61 6
59 62 66
59 63 1
125 58 59
125 59 59
125 61 9
264 43 128
264 58 199
264 59 198
270 59 200
107 21 135
107 26 284
107 27 72
107 42 275
107 43 272
107 53 60
107 58 281
107 59 200
249 21 134
249 26 301
249 27 72
249 42 280
249 43 273
249 53 61
249 58 281
249 59 200
183 21 31
183 26 70
183 27 294
317 53 38
61 46 26
61 47 26
10 27 269
10 42 117
10 43 95
10 58 281
10 59 201
40 46 16
40 47 13
26 22 316
26 23 73
277 21 33
38 42 277
38 43 160
26 26 317
26 27 294
26 29 243
26 30 65
26 31 15
53 47 26
53 53 195
53 54 193
53 55 52
245 43 97
242 26 294
242 27 294
242 42 96
242 43 96
242 58 198
242 59 198
119 29 8
283 21 152
283 42 275
283 43 272
171 21 138
171 22 162
171 23 162
171 42 25
171 43 25
171 45 329
171 53 197
171 54 52
171 55 52
283 53 171
230 42 283
230 43 95
130 21 230
130 26 218
130 27 269
152 21 211
152 22 162
152 23 162
152 42 17
152 43 17
152 45 85
152 53 197
152 54 52
152 55 52
130 42 283
130 43 95
192 21 10
192 29 243
15 22 332
15 23 54
15 26 317
15 27 294
15 29 243
15 30 65
15 31 15
15 42 306
15 43 96
15 45 264
15 46 336
15 47 77
15 53 300
337 45 330
15 54 337
15 55 51
15 58 325
15 59 198
15 61 6
15 62 66
15 63 1
57 30 15
57 31 15
57 42 25
57 43 25
57 45 329
57 46 26
57 47 26
57 53 197
57 54 52
57 55 52
57 58 59
57 59 59
57 61 9
57 62 49
57 63 1
113 53 57
113 58 281
113 59 200
113 61 58
34 21 11
34 22 48
34 23 14
34 42 124
34 43 236
292 26 208
292 27 293
292 42 279
292 43 103
292 53 289
292 54 193
292 55 51
45 46 147
45 47 26
45 53 195
45 54 193
45 55 52
261 42 128
261 43 128
260 26 71
260 27 71
260 42 128
260 43 128
261 45 260
166 21 261
328 21 245
328 26 71
328 27 71
328 29 327
328 42 96
328 43 96
328 45 265
328 53 324
328 58 198
328 59 198
328 61 9
166 29 328
69 21 165
69 22 47
69 23 176
302 21 187
302 53 289
69 26 302
69 27 291
69 42 279
69 43 103
69 53 289
69 54 193
69 55 51
217 26 69
217 27 69
217 42 97
217 43 97
32 21 217
32 26 71
32 27 71
32 29 327
166 45 32
166 53 288
166 61 180
45 58 166
45 59 59
45 61 6
45 62 66
45 63 1
208 21 50
208 53 289
156 26 292
156 27 292
156 29 242
156 42 97
156 43 97
156 45 265
3 55 52
97 53 3
97 54 191
97 55 53
7 21 245
7 22 54
7 23 54
7 26 294
7 27 294
7 29 242
7 30 15
7 31 15
7 42 96
7 43 96
7 45 265
7 46 77
7 47 77
7 53 324
7 54 51
7 55 51
7 58 198
7 59 198
7 61 9
215 29 7
215 42 117
215 43 108
62 21 122
62 22 83
62 23 83
62 26 294
62 27 294
62 29 242
62 42 177
62 43 177
329 26 294
329 27 294
62 45 329
62 46 101
62 47 101
62 53 229
62 54 45
62 55 45
62 58 198
62 59 198
62 61 9
215 45 62
215 53 182
28 26 215
28 27 18
28 42 247
28 43 79
174 45 312
174 46 78
174 47 77
212 42 97
212 43 97
212 45 267
207 21 212
43 21 245
43 26 294
43 27 294
43 29 76
43 42 96
43 43 96
43 45 267
43 53 38
43 58 199
43 59 198
207 29 43
323 26 5
323 27 4
323 42 107
323 43 95
323 58 249
323 59 201
84 21 323
84 26 304
84 27 71
84 42 128
84 43 128
84 45 330
84 53 231
84 58 199
84 59 198
207 45 84
207 53 38
73 26 207
73 27 67
73 29 243
73 30 65
73 31 15
73 42 131
73 43 120
73 45 296
73 46 87
73 47 77
25 23 73
25 26 297
25 27 271
25 29 92
25 30 65
25 31 15
115 21 134
115 26 301
115 27 72
115 29 92
115 42 280
115 43 273
115 45 22
115 53 61
115 58 281
115 59 200
115 61 58
146 21 210
146 29 243
146 45 35
146 53 195
146 61 6
286 21 155
14 30 65
14 31 15
14 42 93
14 43 80
14 45 296
14 46 87
14 47 77
14 53 195
14 54 193
14 55 52
80 30 65
80 31 15
80 42 110
80 43 235
80 45 104
80 46 192
80 47 101
80 53 57
80 54 146
80 55 45
80 58 281
80 59 200
80 61 58
80 62 66
80 63 1
158 42 80
158 43 80
158 45 290
158 53 197
158 54 52
158 55 52
248 21 158
248 42 110
248 43 235
44 23 162
44 42 116
44 43 17
44 45 82
44 46 16
44 47 13
44 53 195
44 54 193
44 55 52
29 22 83
29 23 83
29 26 294
29 27 294
29 29 242
29 30 15
29 31 15
29 42 177
29 43 177
29 45 329
29 46 101
29 47 101
29 53 229
29 54 45
29 55 45
29 58 198
29 59 198
29 61 9
29 62 49
29 63 1
88 45 29
88 46 87
88 47 77
88 53 61
88 54 193
88 55 51
88 58 281
88 59 200
88 61 58
88 62 66
88 63 1
60 22 162
60 23 162
60 42 25
60 43 25
60 45 329
60 46 26
60 47 26
60 53 197
60 54 52
60 55 52
100 43 108
100 45 29
100 53 61
100 58 281
100 59 200
50 42 120
50 43 120
312 26 70
312 27 294
312 42 177
312 43 177
312 58 199
312 59 198
50 45 312
51 46 147
51 47 26
298 27 71
298 42 184
298 43 128
298 58 199
298 59 198
275 21 143
252 42 275
252 43 109
306 21 252
151 21 189
151 22 176
151 23 176
151 42 56
151 43 56
151 45 85
282 21 151
255 42 282
255 43 159
306 53 255
321 26 284
133 42 56
133 43 56
133 45 85
133 46 13
133 47 13
176 42 137
176 43 56
176 45 82
176 46 16
176 47 13
72 21 133
72 22 47
72 23 176
72 53 61
72 54 193
72 55 51
321 27 4
117 21 148
117 53 179
321 42 117
321 43 95
321 58 281
321 59 201
331 26 304
331 27 71
331 42 202
331 43 96
331 58 199
331 59 198
304 21 188
304 53 289
330 26 304
330 27 71
213 43 97
13 30 65
13 31 15
13 42 169
13 43 177
13 45 35
13 46 192
13 47 101
31 43 95
31 58 249
31 59 201
129 21 163
129 22 46
129 23 44
268 21 24
290 42 177
290 43 177
290 58 198
290 59 198
157 26 18
157 27 18
157 29 242
157 42 79
79 21 91
79 22 86
79 23 83
79 26 297
79 27 271
79 42 110
79 43 235
79 45 104
79 46 192
79 47 101
79 53 57
79 54 146
79 55 45
79 58 281
79 59 200
157 43 79
157 45 290
157 53 197
178 42 117
178 43 108
178 45 29
178 53 61
178 58 281
178 59 200
178 61 58
205 21 2
205 29 243
205 45 296
219 22 205
219 23 73
296 59 198
116 29 8
116 45 258
101 26 317
101 27 294
101 29 243
101 30 65
101 31 15
132 26 100
18 21 175
18 22 233
18 23 54
18 26 297
18 27 271
18 29 92
18 30 65
18 31 15
18 42 117
18 43 108
18 45 29
18 46 87
18 47 77
18 53 61
18 54 193
18 55 51
18 58 281
18 59 200
132 27 18
132 42 112
132 43 79
132 53 311
2 43 120
87 45 35
87 53 232
87 61 6
226 46 87
226 47 77
161 43 17
161 45 82
172 22 161
172 23 162
172 26 178
172 27 88
172 42 98
172 43 25
172 53 311
172 54 173
172 55 52
172 58 115
172 59 59
77 22 206
77 23 83
77 26 317
77 27 294
77 29 243
77 30 65
77 31 15
77 42 169
77 43 177
77 45 35
77 46 192
77 47 101
77 53 232
77 54 203
77 55 45
77 58 325
77 59 198
77 61 6
77 62 66
77 63 1
269 21 175
269 22 233
269 23 54
269 26 297
269 27 271
269 42 117
269 43 108
269 53 61
269 54 193
269 55 51
269 58 281
269 59 200
95 21 135
95 22 46
95 23 44
95 26 284
95 27 72
95 42 275
95 43 272
95 53 60
95 54 191
95 55 53
95 58 281
95 59 200
201 21 134
201 22 47
201 23 40
201 26 301
201 27 72
201 42 280
201 43 273
201 53 61
201 54 193
201 55 51
201 58 281
201 59 200
258 21 122
258 26 294
258 27 294
258 29 242
167 45 258
250 42 109
250 43 109
4 21 133
4 22 47
4 23 176
4 26 284
4 27 72
4 42 117
4 43 108
4 53 61
4 54 193
4 55 51
4 58 281
4 59 200
159 21 136
159 22 204
159 23 74
159 26 284
159 27 72
287 42 159
287 43 159
167 53 181
221 42 167
221 43 79
221 45 296
54 45 296
54 46 87
54 47 77
23 23 54
23 26 67
23 27 67
23 29 242
23 30 15
23 31 15
23 42 120
23 43 120
23 45 290
23 46 77
23 47 77
138 42 81
138 43 81
240 42 120
240 43 120
240 45 290
21 22 226
21 23 226
21 26 88
21 27 88
21 29 242
21 30 15
21 31 15
21 42 80
21 43 80
21 45 290
21 46 77
21 47 77
21 53 197
21 54 52
21 55 52
228 42 107
228 43 95
155 22 54
155 23 54
155 26 67
155 27 67
155 29 242
155 42 120
155 43 120
155 45 290
236 22 48
236 23 14
239 45 265
94 21 239
94 29 8
64 21 322
64 26 71
64 27 71
64 29 327
64 42 128
64 43 128
64 45 30
64 53 229
64 58 198
64 59 198
64 61 9
94 45 64
288 42 160
288 43 160
288 45 30
94 53 288
94 61 180
81 22 48
81 23 14
81 26 297
81 27 271
81 42 110
81 43 235
247 53 170
48 21 222
48 29 243
48 45 296
48 53 195
122 27 269
122 42 95
122 43 95
122 58 201
122 59 201
111 45 106
92 21 245
92 22 54
92 23 54
92 26 294
92 27 294
92 29 242
92 30 15
92 31 15
92 42 96
92 43 96
92 45 265
92 46 77
92 47 77
92 53 324
92 54 51
92 55 51
92 58 198
92 59 198
92 61 9
92 62 49
92 63 1
120 43 236
120 45 105
120 46 192
120 47 101
120 53 172
120 54 146
120 55 45
104 21 122
104 22 83
104 23 83
104 26 294
104 27 294
104 29 242
104 30 15
104 31 15
112 45 104
112 53 57
112 58 281
112 59 200
227 21 228
227 26 270
227 27 269
227 42 107
227 43 95
37 42 168
37 43 159
227 53 37
227 58 249
227 59 201
127 21 135
127 26 284
127 27 72
127 42 275
127 43 272
251 42 127
251 43 109
294 23 54
294 53 289
294 54 193
294 55 51
297 21 240
297 53 182
93 21 121
93 29 8
93 45 258
109 21 135
109 22 46
109 23 44
109 26 284
109 27 72
109 42 275
109 43 272
181 21 250
181 26 4
181 27 4
181 29 327
181 42 159
181 43 159
181 45 30
181 53 287
181 58 201
181 59 201
181 61 9
93 53 181
93 61 180
237 21 28
271 21 175
271 22 233
271 23 54
271 53 61
271 54 193
271 55 51
114 27 271
114 42 110
114 43 235
114 45 104
180 21 266
180 26 305
180 27 305
180 29 327
180 42 278
180 43 278
180 45 30
180 53 324
180 58 198
180 59 198
180 61 9
86 29 243
86 45 296
86 53 195
86 61 6
164 21 223
164 22 225
164 23 226
164 26 178
164 27 88
164 42 113
164 43 80
164 53 311
164 54 173
164 55 52
164 58 115
164 59 59
83 22 233
83 23 226
83 26 94
83 27 88
83 29 243
83 30 65
83 31 15
83 42 93
83 43 80
83 45 296
83 46 87
83 47 77
83 53 195
83 54 193
83 55 52
83 58 166
83 59 59
83 61 6
83 62 66
83 63 1
241 42 95
241 43 95
121 21 241
121 26 269
121 27 269
121 29 242
121 42 95
121 43 95
121 45 265
121 53 287
121 58 201
121 59 201
121 61 9
91 21 224
91 22 226
91 23 226
91 26 88
91 27 88
91 29 242
91 30 15
91 31 15
91 42 80
91 43 80
91 45 290
91 46 77
91 47 77
91 53 197
91 54 52
91 55 52
91 58 59
91 59 59
91 61 9
91 62 49
91 63 1
209 21 254
209 42 248
209 43 81
185 21 209
1 21 262
320 45 263
1 22 320
1 23 40
285 21 154
253 42 285
253 43 126
1 26 318
1 27 305
1 29 333
1 30 338
1 31 15
1 42 314
1 43 278
1 45 334
187 42 56
187 43 56
187 45 295
307 26 302
291 21 165
291 22 47
291 23 176
291 53 289
291 54 193
291 55 51
307 27 69
307 42 279
307 43 97
1 46 335
1 47 26
1 53 300
1 54 337
1 55 51
1 58 325
1 59 198
1 61 6
1 62 66
1 63 1
90 63 1
1
